9.431438240523436	20.61222371441567
35.0197392999842	63.70067514504863
50.96895906853703	9.94520652212844
64.4754220580665	9.712991328194757
21.13167754829234	9.334292846352335
64.42966491536365	54.07267438864823
47.876543401050334	47.56135161544538
21.48787891224387	63.89323327198881
64.12070611495396	23.736887133537678
46.84151148422561	27.913409793534328
36.16865353979237	9.991922069072825
8.934906835236022	64.01153717595177
65.6069066032482	66.29909016602039
10.00675831123797	49.799197416266765
27.271285987119523	26.307425858003846
64.06769583308089	38.98663914018604
10.109680852280327	35.11611457112905
7.731468557441864	7.684066788473149
49.867560844229935	64.58007766080877
28.249091546093002	45.44820824075838
